50
2
-233568432 -233568430
2
157941885 157941893
2
-624223703 -624223697
2
182211951 182211961
2
-782713096 -782713090
2
814465809 814465818
2
86719207 86719214
2
548473270 548473276
2
-57698723 -57698719
2
762305147 762305156
2
-650805743 -650805736
2
33319974 33319984
2
-647627849 -647627840
2
-874375409 -874375403
2
329522101 329522106
2
899097351 899097352
2
752045847 752045850
2
-536129370 -536129360
2
-199264412 -199264412
2
-700600772 -700600769
2
-488343896 -488343895
2
-417115820 -417115814
2
-101795125 -101795122
2
474811471 474811477
2
-623853142 -623853136
2
824374347 824374351
2
-770450410 -770450409
2
-286325253 -286325248
2
474485013 474485017
2
-969492920 -969492916
2
410932785 410932785
2
-912844405 -912844402
2
204650143 204650150
2
440625880 440625880
2
503546066 503546071
2
69817961 69817965
2
-725065739 -725065739
2
330034802 330034805
2
-957602798 -957602798
2
-751046613 -751046604
2
37314685 37314693
2
792961947 792961957
2
462324922 462324926
2
93216710 93216718
2
599049509 599049513
2
-744682495 -744682486
2
136712690 136712694
2
821128802 821128809
2
-501990275 -501990265
2
-975643271 -975643270